  0 0 6 18
! 6 0 6 22
" 12 0 8 22
# 20 0 14 22
$ 34 0 13 22
% 47 0 15 22
& 62 0 13 22
' 75 0 7 22
( 82 0 9 22
) 91 0 8 22
* 99 0 11 22
+ 110 0 11 22
, 121 0 6 22
- 127 0 10 22
. 137 0 6 22
/ 143 0 11 22
0 0 22 11 22
1 11 22 8 22
2 19 22 11 22
3 30 22 12 22
4 42 22 12 22
5 54 22 11 22
6 65 22 11 22
7 76 22 11 22
8 87 22 11 22
9 98 22 11 22
: 109 22 6 22
; 115 22 6 22
< 121 22 10 22
= 131 22 10 22
> 141 22 9 22
? 150 22 11 22
@ 0 44 16 22
A 16 44 14 22
B 30 44 13 22
C 43 44 12 22
D 55 44 13 22
E 68 44 12 22
F 80 44 12 22
G 92 44 13 22
H 105 44 13 22
I 118 44 6 22
J 124 44 11 22
K 135 44 13 22
L 148 44 12 22
M 160 44 14 22
N 174 44 13 22
O 187 44 13 22
P 0 66 13 22
Q 13 66 14 22
R 27 66 13 22
S 40 66 13 22
T 53 66 13 22
U 66 66 13 22
V 79 66 13 22
W 92 66 18 22
X 110 66 13 22
Y 123 66 14 22
Z 137 66 11 22
[ 148 66 8 22
\ 156 66 11 22
] 167 66 8 22
^ 175 66 10 22
_ 185 66 11 22
` 0 88 8 22
a 8 88 12 22
b 20 88 11 22
c 31 88 11 22
d 42 88 11 22
e 53 88 11 22
f 64 88 9 22
g 73 88 11 22
h 84 88 11 22
i 95 88 6 22
j 101 88 8 22
k 109 88 12 22
l 121 88 7 22
m 128 88 16 22
n 144 88 11 22
o 155 88 11 22
p 0 110 11 22
q 11 110 11 22
r 22 110 10 22
s 32 110 12 22
t 44 110 9 22
u 53 110 11 22
v 64 110 12 22
w 76 110 16 22
x 92 110 12 22
y 104 110 12 22
z 116 110 10 22
{ 126 110 9 22
| 135 110 6 22
} 141 110 9 22
~ 150 110 11 22
 161 110 14 22
 0 132 13 26
 13 132 13 26
 26 132 13 26
 39 132 13 26
 52 132 6 26
 58 132 6 25
 64 132 13 26
 77 132 13 26
 90 132 13 26
 103 132 13 26
 116 132 13 26
 129 132 13 26
 142 132 13 26
 155 132 13 26
 168 132 13 26
 181 132 13 26
 0 158 13 26
 13 158 13 26
 26 158 13 26
 39 158 13 26
 52 158 13 26
 65 158 13 26
 78 158 13 26
 91 158 13 26
 104 158 13 26
 117 158 13 26
 130 158 13 26
 143 158 13 26
 156 158 13 26
 169 158 13 26
 182 158 13 26
 195 158 13 26
  0 184 10 22
¡ 10 184 6 22
¢ 16 184 11 22
£ 27 184 13 22
¤ 40 184 13 22
¥ 53 184 14 22
¦ 67 184 6 22
§ 73 184 13 22
¨ 86 184 10 22
© 96 184 15 22
ª 111 184 9 22
« 120 184 12 22
¬ 132 184 11 22
­ 143 184 6 22
® 149 184 15 22
¯ 164 184 11 22
° 0 206 10 22
± 10 206 11 22
² 21 206 9 22
³ 30 206 9 22
´ 39 206 8 22
µ 47 206 11 26
¶ 58 206 15 25
· 73 206 7 25
¸ 80 206 8 25
¹ 88 206 8 25
º 96 206 9 25
» 105 206 12 25
¼ 117 206 14 25
½ 131 206 14 25
¾ 145 206 14 25
¿ 159 206 11 25
À 0 232 14 22
Á 14 232 14 22
Â 28 232 14 22
Ã 42 232 14 22
Ä 56 232 14 22
Å 70 232 14 22
Æ 84 232 19 22
Ç 103 232 12 22
È 115 232 12 22
É 127 232 12 22
Ê 139 232 12 22
Ë 151 232 12 22
Ì 163 232 7 22
Í 170 232 7 22
Î 177 232 10 22
Ï 187 232 10 22
Ð 0 254 14 22
Ñ 14 254 13 22
Ò 27 254 13 22
Ó 40 254 13 22
Ô 53 254 13 22
Õ 66 254 13 22
Ö 79 254 13 22
× 92 254 10 22
Ø 102 254 13 22
Ù 115 254 13 22
Ú 128 254 13 22
Û 141 254 13 22
Ü 154 254 13 22
Ý 167 254 14 22
Þ 181 254 13 22
ß 194 254 11 22
à 0 276 12 22
á 12 276 12 22
â 24 276 12 22
ã 36 276 12 22
ä 48 276 12 22
å 60 276 12 22
æ 72 276 17 22
ç 89 276 11 22
è 100 276 11 22
é 111 276 11 22
ê 122 276 11 22
ë 133 276 11 22
ì 144 276 8 22
í 152 276 8 22
î 160 276 10 22
ï 170 276 10 22
ð 0 298 11 22
ñ 11 298 11 22
ò 22 298 11 22
ó 33 298 11 22
ô 44 298 11 22
õ 55 298 11 22
ö 66 298 11 22
÷ 77 298 10 22
ø 87 298 11 22
ù 98 298 11 22
ú 109 298 11 22
û 120 298 11 22
ü 131 298 11 22
ý 142 298 12 22
þ 154 298 11 22
