  0 0 6 12
! 6 0 6 16
" 12 0 10 16
# 22 0 11 16
$ 33 0 10 16
% 43 0 12 16
& 55 0 11 16
' 66 0 6 16
( 72 0 7 16
) 79 0 7 16
* 86 0 10 16
+ 96 0 10 16
, 106 0 6 16
- 112 0 9 16
. 121 0 6 16
/ 127 0 9 16
0 0 16 11 16
1 11 16 8 16
2 19 16 10 16
3 29 16 10 16
4 39 16 10 16
5 49 16 10 16
6 59 16 10 16
7 69 16 10 16
8 79 16 10 16
9 89 16 10 16
: 99 16 6 16
; 105 16 7 16
< 112 16 8 16
= 120 16 9 16
> 129 16 8 16
? 137 16 10 16
@ 0 32 12 16
A 12 32 11 16
B 23 32 10 16
C 33 32 11 16
D 44 32 11 16
E 55 32 10 16
F 65 32 10 16
G 75 32 12 16
H 87 32 11 16
I 98 32 6 16
J 104 32 9 16
K 113 32 10 16
L 123 32 10 16
M 133 32 13 16
N 146 32 11 16
O 157 32 12 16
P 0 48 10 16
Q 10 48 12 16
R 22 48 10 16
S 32 48 10 16
T 42 48 10 16
U 52 48 11 16
V 63 48 12 16
W 75 48 15 16
X 90 48 13 16
Y 103 48 12 16
Z 115 48 11 16
[ 126 48 7 16
\ 133 48 8 16
] 141 48 7 16
^ 148 48 9 16
_ 157 48 9 16
` 0 64 6 16
a 6 64 9 16
b 15 64 9 16
c 24 64 9 16
d 33 64 9 16
e 42 64 9 16
f 51 64 9 16
g 60 64 9 16
h 69 64 9 16
i 78 64 6 16
j 84 64 8 16
k 92 64 9 16
l 101 64 6 16
m 107 64 12 16
n 119 64 9 16
o 128 64 9 16
p 0 80 9 16
q 9 80 9 16
r 18 80 8 16
s 26 80 9 16
t 35 80 8 16
u 43 80 9 16
v 52 80 10 16
w 62 80 13 16
x 75 80 10 16
y 85 80 10 16
z 95 80 9 16
