  0 0 8 30
! 8 0 6 32
" 14 0 10 32
# 24 0 20 32
$ 44 0 14 32
% 58 0 21 32
& 79 0 17 32
' 96 0 6 32
( 102 0 8 32
) 110 0 8 32
* 118 0 11 32
+ 129 0 14 32
, 143 0 7 32
- 150 0 13 32
. 163 0 6 32
/ 169 0 16 32
0 0 32 15 32
1 15 32 11 32
2 26 32 15 32
3 41 32 15 32
4 56 32 16 32
5 72 32 14 32
6 86 32 15 32
7 101 32 14 32
8 115 32 15 32
9 130 32 14 32
: 144 32 6 32
; 150 32 7 32
< 157 32 11 32
= 168 32 13 32
> 181 32 11 32
? 192 32 15 32
@ 0 64 22 32
A 22 64 16 32
B 38 64 15 32
C 53 64 15 32
D 68 64 15 32
E 83 64 14 32
F 97 64 14 32
G 111 64 15 32
H 126 64 15 32
I 141 64 10 32
J 151 64 14 32
K 165 64 15 32
L 180 64 14 32
M 194 64 20 32
N 214 64 15 32
O 229 64 16 32
P 0 96 15 32
Q 15 96 16 32
R 31 96 15 32
S 46 96 14 32
T 60 96 15 32
U 75 96 15 32
V 90 96 17 32
W 107 96 24 32
X 131 96 16 32
Y 147 96 16 32
Z 163 96 15 32
[ 178 96 8 32
\ 186 96 16 32
] 202 96 8 32
^ 210 96 15 32
_ 225 96 14 32
` 0 128 9 32
a 9 128 14 32
b 23 128 14 32
c 37 128 14 32
d 51 128 14 32
e 65 128 13 32
f 78 128 14 32
g 92 128 14 32
h 106 128 14 32
i 120 128 6 32
j 126 128 9 32
k 135 128 14 32
l 149 128 6 32
m 155 128 20 32
n 175 128 14 32
o 189 128 13 32
p 0 160 14 32
q 14 160 14 32
r 28 160 13 32
s 41 160 14 32
t 55 160 14 32
u 69 160 14 32
v 83 160 15 32
w 98 160 20 32
x 118 160 14 32
y 132 160 15 32
z 147 160 13 32
{ 160 160 10 32
| 170 160 6 32
} 176 160 10 32
~ 186 160 17 32
 203 160 22 31
 0 192 16 31
 16 192 16 31
 32 192 16 31
 48 192 16 31
 64 192 8 31
 72 192 8 31
 80 192 16 31
 96 192 16 31
 112 192 16 31
 128 192 16 31
 144 192 16 31
 160 192 16 31
 176 192 16 31
 192 192 16 31
 208 192 16 31
 224 192 16 31
 0 223 16 31
 16 223 16 31
 32 223 16 31
 48 223 16 31
 64 223 16 31
 80 223 16 31
 96 223 16 31
 112 223 16 31
 128 223 16 31
 144 223 16 31
 160 223 16 31
 176 223 16 31
 192 223 16 31
 208 223 16 31
 224 223 16 31
 240 223 16 31
  0 254 15 31
¡ 15 254 5 33
¢ 20 254 14 32
£ 34 254 15 33
¤ 49 254 16 32
¥ 65 254 16 32
¦ 81 254 6 32
§ 87 254 13 32
¨ 100 254 10 33
© 110 254 21 32
ª 131 254 10 33
« 141 254 18 32
¬ 159 254 12 32
­ 171 254 8 32
® 179 254 21 32
¯ 200 254 16 33
° 0 287 11 32
± 11 287 14 32
² 25 287 10 33
³ 35 287 10 33
´ 45 287 7 33
µ 52 287 14 32
¶ 66 287 16 32
· 82 287 6 32
¸ 88 287 8 33
¹ 96 287 7 33
º 103 287 11 33
» 114 287 18 32
¼ 132 287 20 33
½ 152 287 21 33
¾ 173 287 21 33
¿ 194 287 14 33
À 0 320 16 32
Á 16 320 16 32
Â 32 320 16 32
Ã 48 320 16 32
Ä 64 320 16 32
Å 80 320 16 32
Æ 96 320 24 32
Ç 120 320 15 32
È 135 320 14 32
É 149 320 14 32
Ê 163 320 14 32
Ë 177 320 14 32
Ì 191 320 10 32
Í 201 320 10 32
Î 211 320 12 32
Ï 223 320 10 32
Ð 0 352 18 33
Ñ 18 352 15 32
Ò 33 352 16 32
Ó 49 352 16 32
Ô 65 352 16 32
Õ 81 352 16 32
Ö 97 352 16 32
× 113 352 12 32
Ø 125 352 16 32
Ù 141 352 15 32
Ú 156 352 15 32
Û 171 352 15 32
Ü 186 352 15 32
Ý 201 352 16 32
Þ 217 352 15 33
ß 232 352 15 32
à 0 385 14 32
á 14 385 14 32
â 28 385 14 32
ã 42 385 14 32
ä 56 385 14 32
å 70 385 14 32
æ 84 385 20 32
ç 104 385 14 32
è 118 385 13 32
é 131 385 13 32
ê 144 385 13 32
ë 157 385 13 32
ì 170 385 8 32
í 178 385 9 32
î 187 385 12 32
ï 199 385 11 32
ð 0 417 15 33
ñ 15 417 14 32
ò 29 417 13 32
ó 42 417 13 32
ô 55 417 13 32
õ 68 417 13 32
ö 81 417 13 32
÷ 94 417 14 32
ø 108 417 14 32
ù 122 417 14 32
ú 136 417 14 32
û 150 417 14 32
ü 164 417 14 32
ý 178 417 15 32
þ 193 417 14 33
