[0 0 6 20]
[6 0 7 24]
[13 0 10 24]
[23 0 17 24]
[40 0 13 24]
[53 0 17 24]
[70 0 14 24]
[84 0 7 24]
[91 0 9 24]
[100 0 8 24]
[108 0 11 24]
[119 0 12 24]
[131 0 8 24]
[139 0 12 24]
[151 0 7 24]
[158 0 14 24]
[0 24 13 24]
[13 24 10 24]
[23 24 13 24]
[36 24 13 24]
[49 24 14 24]
[63 24 13 24]
[76 24 13 24]
[89 24 13 24]
[102 24 13 24]
[115 24 13 24]
[128 24 7 24]
[135 24 8 24]
[143 24 10 24]
[153 24 12 24]
[165 24 10 24]
[175 24 13 24]
[0 48 17 24]
[17 48 14 24]
[31 48 13 24]
[44 48 13 24]
[57 48 13 24]
[70 48 12 24]
[82 48 12 24]
[94 48 13 24]
[107 48 13 24]
[120 48 10 24]
[130 48 12 24]
[142 48 13 24]
[155 48 12 24]
[167 48 16 24]
[183 48 13 24]
[196 48 13 24]
[0 72 13 24]
[13 72 13 24]
[26 72 13 24]
[39 72 13 24]
[52 72 13 24]
[65 72 13 24]
[78 72 14 24]
[92 72 19 24]
[111 72 14 24]
[125 72 14 24]
[139 72 13 24]
[152 72 9 24]
[161 72 14 24]
[175 72 8 24]
[183 72 13 24]
[196 72 12 24]
[0 96 10 24]
[10 96 13 24]
[23 96 13 24]
[36 96 12 24]
[48 96 12 24]
[60 96 12 24]
[72 96 12 24]
[84 96 12 24]
[96 96 13 24]
[109 96 8 24]
[117 96 10 24]
[127 96 12 24]
[139 96 8 24]
[147 96 17 24]
[164 96 13 24]
[177 96 12 24]
[0 120 13 24]
[13 120 12 24]
[25 120 13 24]
[38 120 12 24]
[50 120 12 24]
[62 120 12 24]
[74 120 13 24]
[87 120 16 24]
[103 120 12 24]
[115 120 13 24